image: lab5916_0201_test7_new.pgm
resolution: 0.020000
origin: [0.000000, 0.000000, 0.000000]
negate: 0
occupied_thresh: 0.65
free_thresh: 0.196

